-0.464893
-1.150915
0.209560
-0.656505
0.139192
-0.949220
0.168976
0.624533
-1.509442
1.070363
-0.838722
0.136326
-1.415144
0.867207
0.270503
-0.123703
-0.194212
-0.613886
-1.547212
0.776331
0.128199
0.172005
0.665406
0.501301
-1.564358
1.126156
1.566657
1.533497
0.009191
-0.011790
0.613706
-0.048076
-0.282337
-1.014385
-0.937783
-0.864376
1.170986
0.009471
0.209779
0.695001
0.141305
-0.120950
1.050982
0.281110
-0.953258
1.412653
0.570734
-0.384216
2.191728
0.136863
0.971841
-0.360152
-0.941838
0.847162
-0.280727
-0.923394
2.325064
1.097339
1.153263
0.617435
1.664951
0.243493
0.268780
-0.327582
-1.575417
1.104439
0.090103
0.522874
-0.571431
-0.070715
1.090082
-0.501979
1.169466
0.143499
-0.068731
-0.340696
-0.114160
0.760569
-0.574600
-1.110230
0.435788
-1.752594
0.934373
0.185766
-0.295985
-1.307863
1.345922
0.470732
-0.561214
0.700316
-0.253266
-0.278090
0.578046
-0.461009
1.138631
0.147419
0.536954
0.381300
0.738400
-0.395477
0.257255
0.192265
0.280070
-0.125471
1.434720
0.402740
-0.858092
-1.003950
-0.189738
-1.087692
-0.245128
-1.496722
0.189789
0.563336
-0.300230
1.482086
-0.937138
-0.459608
1.569920
0.387092
1.496888
1.228785
0.077948
0.021181
0.160888
-0.035071
-0.646600
-1.269241
-0.514860
-1.412706
0.173995
1.643382
0.036375
-0.849844
-0.217114
0.645736
0.549607
0.482410
-0.058865
0.658122
2.167766
0.144411
-2.405257
0.369784
0.116273
1.510962
-0.073111
-0.753468
0.898147
-0.214336
0.057806
-0.569594
1.440780
1.109210
1.007903
-0.285892
0.648368
0.757472
0.527276
0.151373
0.036980
-0.332832
1.331383
0.616044
0.001016
-0.000072
0.340437
-1.299188
0.062592
-0.033406
0.473130
-1.665433
2.931801
0.010461
0.432491
-1.029624
-1.480104
1.170220
0.180894
-0.327702
-1.354081
0.843283
-0.998674
-0.602671
0.701645
-1.983584
0.051561
-0.143439
1.540729
0.117717
0.753674
-0.237599
-0.525675
-0.962995
-0.035681
0.168276
0.538855
-0.341192
0.253767
-0.434857
-0.007925
-0.099141
0.448445
-0.103771
-0.900027
-1.024495
0.916238
0.523401
0.429533
-1.454951
0.011413
-1.349103
0.125763
-1.247532
-0.344074
-1.443706
0.173658
1.505509
-1.529077
0.429614
-1.007289
0.913668
1.140728
-0.016144
-1.529019
1.080408
0.614715
-2.048263
-1.024758
0.182329
-0.322533
-0.432611
0.850228
0.492326
1.290880
1.354514
-1.188505
0.838262
0.061031
-1.476743
-0.880741
-1.076648
-0.408966
0.174547
0.338858
-1.792208
0.942827
-1.752105
-0.442146
0.438061
-0.576369
-0.842368
0.580902
1.506448
-0.694494
-0.611547
-0.374488
-1.481455
0.229294
-1.784754
-0.161783
-0.414871
-0.042121
-1.351901
0.956772
-0.446663
1.177054
0.510377
0.721729
-2.002982
-1.351952
0.917959
-0.874376
-0.473607
-0.217289
-1.364426
-0.170180
-1.556386
0.550597
1.599660
0.177496
-0.329235
-0.301565
-1.313806
-1.684134
1.191758
0.253764
-0.105670
-0.230299
-0.842473
-0.806678
0.599096
0.210244
0.476964
0.296142
-0.146463
0.156862
-1.361022
-0.649120
-1.055723
1.287886
0.427393
0.305758
-0.279096
-1.047821
0.012246
-0.285206
1.373523
-0.538852
-0.894974
0.722076
0.129534
-0.302096
0.039706
-0.743741
0.789308
0.512029
-1.966656
-1.004502
-0.718323
-0.095722
-0.683218
0.325469
1.561518
0.853706
0.019031
-1.272323
1.090595
1.364461
0.334862
-0.315404
-0.529882
0.247771
-0.541643
-0.602567
0.036476
-0.739435
0.562969
-0.055713
-1.038978
1.745240
1.863528
-1.270266
0.584839
-0.338752
1.192253
1.249104
1.908743
1.195099
0.162300
-0.100667
-0.816435
0.067554
-0.619728
0.659627
0.151791
-0.351210
-0.649355
0.300393
-0.196887
-0.966769
-0.462112
-0.481010
-1.195644
-0.771686
1.496257
-0.511570
-0.939035
-0.092009
-0.139997
0.305095
-1.198599
1.333155
1.717745
0.106676
-0.699522
1.176398
2.003326
-0.097364
-0.604916
-2.330198
0.384663
-0.043150
-0.070591
-1.740660
1.185379
0.447158
-1.629854
-1.592336
0.811349
-0.852961
0.868352
0.440475
-1.876344
2.299651
0.769773
0.240962
0.184675
-0.802700
-1.193221
-1.744250
0.699424
-1.027620
-0.534447
-0.658904
-0.801710
1.180659
0.457753
0.587722
0.276048
-0.981739
-0.721326
-0.806015
-0.691190
0.819700
0.607619
1.875146
0.917128
0.192671
-0.868536
0.185385
0.197659
-0.156504
-1.392320
1.035312
0.398239
0.579226
0.530862
0.889347
-2.166668
0.290943
0.707314
0.498492
-0.425642
0.277948
1.622839
-1.368896
0.937909
-0.959040
0.564421
-0.133645
-0.794867
-1.458506
1.286309
-1.389932
1.183649
-1.289447
1.370440
0.632308
-0.395876
1.079954
-0.991875
-1.026643
0.948108
-0.121733
0.733706
-0.967011
0.926772
0.953488
-0.132182
0.318522
-0.597755
-0.321899
-1.445160
0.934351
-2.538222
0.624219
-0.119791
-0.612031
-0.636965
-0.930216
-0.156976
-0.277025
0.618975
-0.291165
-0.835441
1.896863
2.141562
-0.922588
0.337762
-1.341744
0.905221
-0.768583
-1.012440
3.682611
0.022730
-0.111898
1.540059
0.575036
-0.459238
-1.003690
1.331154
0.651785
-0.440889
-0.357016
-1.251023
0.192687
-1.212293
-1.923408
0.977718
-0.275830
-0.778767
0.162318
-1.030422
-0.371723
0.513342
-0.506760
-0.805323
0.708889
-0.373006
1.528170
0.388342
0.996984
-0.117908
-1.122768
0.038269
0.108767
-0.249567
-0.531532
-0.938143
0.915860
-0.081030
-0.164380
-0.588435
-0.439086
-0.730517
0.055530
-0.565087
0.198598
-0.668909
-1.295712
1.000312
0.612006
0.347954
0.447621
-0.516538
-0.266932
-0.647313
-1.014790
0.517896
-0.619603
-0.535019
0.663270
-0.468654
1.023044
-1.244443
-0.837584
-1.092609
-0.602591
-1.000228
-2.085449
0.776785
1.106441
-0.159859
-0.479820
-1.270854
-0.906036
-0.958917
-1.682393
1.045475
-1.393446
1.341047
-0.575309
0.089177
0.406138
-0.287556
-0.981690
-0.630231
1.215565
0.013958
2.126614
0.822446
-0.772669
-0.785373
0.327080
1.715014
0.852040
-0.291221
-0.758469
-1.237685
0.758505
0.214201
0.295524
-0.094910
0.049214
-0.431493
-1.442514
0.965275
-1.725144
1.193010
-0.313659
-0.383111
0.485416
-0.171417
-1.777099
1.142979
0.072678
-0.716256
-0.021313
-0.927654
0.718676
-0.271957
-1.214562
1.174819
-1.013234
-0.404784
0.352776
-1.263492
-0.775148
0.197283
0.797860
-0.343676
-1.383964
0.969636
0.414732
-1.572975
0.442012
1.282082
-0.780001
-0.814137
-0.726942
-0.910441
-2.208186
0.388719
0.049599
-0.654955
-1.566441
0.173213
2.720941
0.022703
0.130698
-0.429462
0.446886
-0.241898
-1.773858
1.122078
0.335999
0.052176
0.924483
-0.202576
-0.513785
1.298008
-0.333513
-0.956129
-0.006833
-0.450491
-0.175424
0.244021
0.238072
-0.674466
-0.384075
-0.726747
0.723179
-0.388478
-0.370643
1.455956
0.550739
1.549398
0.432594
-1.326823
0.285771
1.229401
0.329007
-0.957510
1.393712
1.744415
-0.739777
0.220955
0.339201
-1.087803
0.891869
-1.514427
-1.364977
0.732707
-0.345007
0.607789
1.431378
0.427925
0.388237
-0.735190
-2.358398
0.280440
0.013638
-0.692718
1.436371
0.050033
-2.553859
0.252818
-0.942840
0.865814
-0.395927
-1.420193
-0.292696
-0.598096
1.393693
2.053246
0.239702
-0.658159
-0.351263
-0.829991
-0.172900
-0.863211
-0.223716
-1.556016
0.242975
-1.699669
0.968166
-1.311153
1.177010
1.144724
1.101229
1.995572
0.961038
-1.267287
0.455722
-0.214122
2.140663
0.135934
-0.053863
0.318561
0.503858
-0.980578
-1.024783
-0.617207
0.570913
-0.359165
-0.984745
-0.172520
0.123110
-1.712174
-1.089875
0.951580
1.107081
-0.679905
-0.216675
-0.606449
-1.760407
1.095378
-0.475230
0.895397
-0.537801
-0.846918
-0.152084
0.564798
-0.417586
-1.419497
0.101462
0.723902
-0.667141
0.871129
1.616126
0.058866
-0.455603
-0.807628
-0.742640
0.809276
0.653897
-0.096347
-0.065121
1.650264
-2.277184
0.512063
-0.369572
-0.633194
0.487542
-0.121564
-0.024080
-0.199354
-0.930855
1.187584
2.472146
0.744655
-3.240179
0.038240
-0.406281
0.800619
-0.629036
-1.053531
1.087119
0.458160
-1.810057
1.123398
0.384533
-1.159878
0.071822
0.848589
-0.631805
-0.963126
2.116954
0.154239
0.268283
-1.401727
0.055733
0.112264
0.708776
-3.104153
-0.088873
-0.370826
0.680239
-0.401160
0.506815
0.393402
0.266624
-0.706418
0.107754
1.670475
0.537235
-2.018466
-0.130045
-1.601515
1.730728
0.317792
0.607060
-2.156603
0.110055
-0.068662
-0.518440
0.719382
-1.147421
0.348461
-0.413110
-1.236585
0.691474
-1.192434
-1.613863
0.681691
-1.069754
0.691320
1.523879
0.332079
0.253103
-0.873700
-0.883008
-0.983314
1.429499
0.316018
0.522830
-2.037464
-2.543450
0.274342
0.324055
1.042240
0.673565
0.561051
-1.403205
1.206897
-1.901770
0.031703
-1.976687
0.885527
0.420314
0.355494
-0.276952
-0.848323
0.291297
-0.285400
2.250968
0.948231
0.500237
-0.314989
0.298892
-0.920912
-1.132285
0.658106
-0.290837
-0.644924
-0.925260
-0.328840
-0.552286
-0.940993
0.071434
-0.821314
-0.484049
-1.359706
1.135260
1.458340
-0.496117
-1.286990
0.698960
-0.368958
0.279970
-0.493163
-0.541542
-0.928998
-0.814998
-0.098202
-1.032389
-0.015777
0.876637
-2.341119
-0.605991
-1.010546
1.228008
1.509179
0.309439
0.669022
-0.053623
-0.650556
-0.919563
0.824186
1.200960
1.956608
0.389462
-1.377451
-0.154321
0.204973
-0.421601
1.500322
0.865231
-0.275992
-1.733557
1.147588
0.651873
-0.356891
-0.546364
1.217790
-0.661554
-0.350546
0.055961
-1.219187
-0.610679
-0.854682
0.233423
-0.558830
0.705631
-2.639608
-0.758941
-0.528181
0.112262
-0.712345
1.405155
2.213518
0.235969
-1.282815
-1.180474
1.289871
-0.923057
0.488136
0.751888
-1.713728
1.021484
0.470240
0.791925
-1.330827
-0.001161
-0.712866
-0.908156
0.841269
-0.189609
0.994847
0.919820
-1.357848
-0.414591
-0.751111
-0.228718
-0.602080
-1.225364
0.300030
0.250997
1.667656
-1.483767
1.048867
1.088025
1.930835
-0.753610
-1.211310
0.424807
0.161005
0.368965
-1.555677
0.625956
1.771090
2.781311
0.008122
0.567476
0.632587
-0.354752
-0.701871
1.792602
2.224066
0.044963
-0.178769
1.343937
0.356160
1.772967
0.104029
-0.550743
-0.202126
0.585559
0.130651
-0.113164
-0.516156
0.467230
1.016237
0.335089
-1.644162
-0.397815
-1.332137
-1.424307
0.919707
